"Name","playerid","WAR23","WAR24","WAR25","Cluster"
"Freddy Garcia","   1077","1","5.3","3.4","G"
"Felipe Lira","1007649","1.7","2.2","0.1","H"
"Steve Mura","1009337","0","0.3","1.3","B"
"Dan Petry","1010246","4.4","1.3","4.2","L"
"Mel Stottlemyre","1012579","4.5","3.6","2.5","M"
"Brian Anderson","     44","-0.3","0.4","0.4","A"
"Billy Wagner","    578","0","0.2","2.2","F"
"Jaime Cerda","   1532","0.3","-0.3","0.5","B"
"Esmil Rogers","   6317","0.1","1.2","-0.3","C"
"Tom Griffin","1005054","0","1","0.6","C"
"Jason Schmidt","   1131","0.8","2.5","2.9","G"
"Steve Stone","1012573","0.5","1.3","3.1","F"
"Jerry Augustine","1000365","1.5","1.2","1.7","D"
"Danny Cox","1002695","1","1.3","3.2","F"
"Storm Davis","1003080","3","2.6","1.1","H"
"Brian Fisher","1004077","3.1","-0.1","1","E"
"Vern Ruhle","1011297","0.6","1.8","1.8","D"
"Bob Sykes","1012798","0.4","-0.4","0","A"
"Bobby Jones","   1039","0.6","2.3","2.7","D"
"Neal Cotts","   1797","0","-0.2","1.4","B"
"Matt Capps","   4788","1.8","1.3","-0.1","H"
"Hank Fischer","1004068","0.5","1.6","0.1","C"
"Frank Pastore","1010048","1.9","2.4","1.2","H"
"John Franco","    874","0.6","1","1.4","D"
"Matt Albers","   4300","0.3","0","0.1","A"
"Charlie Leibrandt","1007492","1","0.3","0.4","E"
"Rich Robertson","1011044","0.2","0","0.7","B"
"Larry Christenson","1002215","2.7","4.6","1.3","I"
"Jimmy Jones","1006569","0.9","2","-0.1","C"
"Randy Messenger","   2658","-0.4","0.2","0.5","B"
"Ron Bryant","1001608","1.8","1.6","2.6","D"
"Dave Eiland","1003714","0.7","0.2","0.5","B"
"Ed Glynn","1004789","-0.2","0.1","-0.1","A"
"Curt Schilling","     73","0.7","0.9","4.2","F"
"Dustin Hermanson","    195","-0.1","2.3","3.1","G"
"Kent Mercker","    439","0.7","0","1.1","B"
"Scott Bankhead","1000510","0.9","3.6","3.5","G"
"Ken Dixon","1003331","0.2","1.3","1.9","D"
"Jose Bautista","1000694","1.1","-0.6","-0.1","E"
"Pat Clements","1002339","0.2","0.3","0.8","B"
"Jim Gott","1004898","2.8","1.5","2","J"
"Al Hrabosky","1006116","1.1","1.9","2.5","D"
"Claude Osteen","1009878","2.3","4.4","3.5","K"
"Tom Seaver","1011708","5.8","4.4","8.3","O"
"Manny Delcarmen","   3180","0","1","0.4","C"
"Don Carman","1001967","0","0","1.3","B"
"Rawly Eastwick","1003648","0.2","1.2","2.3","F"
"Jim Maloney","1008039","6.4","4.9","6.5","O"
"Sidney Ponson","    161","3.2","1.3","1.7","J"
"Joel Zumaya","   4699","-0.4","-0.2","1.1","B"
"Jim Clancy","1002255","0.4","3.2","0.4","C"
"Danny Coombs","1002582","0.2","0.1","0.7","B"
"Lance McCullers","1008436","1.7","-0.2","0.5","E"
"Hal Reniff","1010833","-0.1","0.6","0.4","A"
"Jamie Moyer","   1091","0.3","1.5","2.1","D"
"Steve Rosenberg","1011215","-0.1","0.6","-0.2","A"
"Ugueth Urbina","    216","0.8","2.2","2.2","D"
"Dave Freisleben","1004333","0.8","1.2","-0.7","C"
"Brian Williams","1013978","0","0.1","0","A"
"Joe Mays","    740","1.5","1.9","3.1","D"
"Grant Roberts","    894","0.5","0.3","0.4","A"
"Allan Anderson","1000216","-0.3","3.5","2","I"
"Al Fitzmorris","1004119","0","0","1.3","B"
"Danny Jackson","1006295","4.6","2.9","4.3","L"
"Chris Knapp","1007026","1.5","1.4","1","D"
"Joe Niekro","1009582","-0.1","1.6","1.6","D"
"Terry Adams","    946","0.8","1","0.5","C"
"Gavin Floyd","   3886","-0.6","-0.1","2.3","F"
"Ryan Webb","   7474","-0.1","0.7","0.2","A"
"Dennis Eckersley","1003660","3.9","4.4","2.9","K"
"John Hiller","1005817","0","1.6","1","C"
"Gaylord Perry","1010210","0.5","-0.3","3.6","F"
"Carl Willis","1013979","0.1","-0.3","-0.4","A"
"Rick Wise","1014155","3.7","3.8","4.6","L"
"Mike Stanton","    849","-0.1","0.8","0.1","A"
"Mike Gosling","   2204","-0.2","0.3","-0.1","A"
"Logan Kensing","   6166","0.1","0.2","0.2","A"
"Tom Gorzelanny","   6244","1","3.1","-0.7","C"
"Joakim Soria","   6941","2.1","1.3","1.6","D"
"Jim Bouton","1001241","1.6","3.6","2.4","I"
"Max Leon","1007542","-0.3","1.3","0.7","C"
"Matt Ginter","    233","0.2","0.3","-0.1","A"
"Gustavo Chacin","   2060","0.4","2.9","-0.4","C"
"Dana Eveland","   5508","0","2.3","0.1","C"
"Dallas Braden","   8099","0.9","0.6","2.9","F"
"Don Drysdale","1003516","6.2","3.5","6.5","O"
"Jim McGlothlin","1008532","3.1","1.7","2.1","J"
"Ed Whitson","1013911","0.5","1.2","3.2","F"
"Mike Thurman","    852","-0.2","0.4","1.7","B"
"Mike Kekich","1006764","0.3","0.5","0","A"
"Joey McLaughlin","1008614","0.3","1.2","0.5","C"
"Britt Burns","1001702","3.2","3.1","2.2","J"
"Fred Newman","1009542","3.8","0.9","-0.2","H"
"Dario Veras","1013403","0.1","-0.4","-0.1","A"
"Allen Watson","1013675","0.3","-0.1","1","B"
"Jim Willoughby","1014047","1.2","-0.3","-0.3","E"
"John Smoltz","    115","3.6","3.7","5","L"
"Chad Billingsley","   5842","3.9","2.7","4.1","L"
"Glen Perkins","   8041","0.2","0.1","0.4","A"
"Jack Armstrong","1000313","0","0.1","3.3","F"
"J.R. Richard","1010913","1.8","0.5","2.3","F"
"Carroll Sembera","1011740","0.1","-0.2","-0.1","A"
"Jeremy Affeldt","    583","0.9","2.5","1","D"
"Wesley Wright","   5960","-0.3","-0.4","-0.1","A"
"Luis Andujar","1000267","-0.2","-0.1","0","A"
"Bill Gullickson","1005136","2.8","3.4","1.8","I"
"Steve Howe","1006107","0.7","2","2.2","D"
"Catfish Hunter","1006199","1.3","3.1","3.2","G"
"Clay Kirby","1006960","4.4","1.6","0.4","H"
"Dennys Reyes","    444","0","0.5","0.2","A"
"Julian Tavarez","    541","0.9","0","0.3","E"
"Al Leiter","    883","0.3","0.1","-0.1","A"
"Cla Meredith","   7613","1.1","1","0.4","E"
"Doyle Alexander","1000122","0.6","1.2","1.3","D"
"Julio Machado","1007907","0.4","0","-0.2","A"
"Randy Moffitt","1009027","-0.1","0.7","0.2","A"
"Ron Willis","1014036","-0.3","-0.4","-0.3","A"
"Mike Judd","1006639","-0.3","0.2","-0.1","A"
"Mike Brown","1001545","0.1","0.2","0.3","A"
"Mike Cosgrove","1002651","0.8","0.2","-0.5","A"
"Grant Jackson","1006298","-0.1","1.1","0.6","C"
"Philip Nastu","1009460","0","-0.4","-0.1","A"
"Jim Winn","1014140","-0.2","-0.1","0.2","A"
"Chad Gaudin","   1783","0.1","1.8","0.7","C"
"Chad Ogea","1009744","0.1","1.5","1.9","D"
"Sun-Woo Kim","    197","0.4","0.4","-0.6","A"
"Juan Cruz","    273","0.1","0.7","0.5","B"
"Mark Wohlers","    414","0.8","1","2.6","F"
"Ben Sheets","    710","3.8","3.8","8","N"
"Mike Bacsik","    863","0.1","0.2","-0.2","A"
"Jesus Sanchez","   1476","1.4","-1.2","0.8","E"
"Wade Davis","   7441","1","1.1","1.4","D"
"Mike Witt","1014174","5.9","4.7","6.7","O"
"Clint Nageotte","   2156","0","0","-0.1","A"
"Lerrin LaGrow","1007255","0.4","0","1.7","B"
"Jeff Musselman","1009407","-0.1","0.1","1.3","B"
"John Butcher","1001762","0.8","0.8","0.5","C"
"Pete Filson","1004046","0","0.6","-0.2","A"
"Frank LaCorte","1007239","0.2","1.5","-0.8","C"
"Dave LaRoche","1007354","1","0.1","-0.3","E"
"Dan Wright","    258","-0.2","1.7","-0.2","C"
"Chan Ho Park","   1267","1.1","2.1","3.7","G"
"Matt Harrison","   5551","0.5","-0.1","4","F"
"Steve Foucault","1004262","-0.6","2.7","-0.9","C"
"Sparky Lyle","1007859","0.8","1.3","0.6","C"
"Freddie Toliver","1013102","0.1","0.1","0.7","B"
"Andrew Miller","   6785","1.9","0.7","-0.4","E"
"Brent Gaff","1004423","0.1","0.1","0","A"
"Jack Kucek","1007195","-0.2","0.3","0.1","A"
"David Nied","1009577","0.8","0.7","1.1","B"
"Shane Rawley","1010719","1.9","1.6","0.9","H"
"Kevin Appier","      3","4.7","4.8","6.8","O"
"Ernesto Frieri","   5178","0","0.4","0.6","B"
"Howard Bailey","1000425","0.1","0.2","-0.5","A"
"Don Carrithers","1001992","0.4","0.2","0.7","B"
"Charlie Hough","1006050","-0.1","0","0.3","A"
"Roger Nelson","1009511","-0.1","1.6","2.8","F"
"Dave Otto","1009905","0.1","0.2","0","A"
"Ken Reynolds","1010871","-0.1","0.9","0.9","B"
"Dave Coggin","    951","0.4","1.4","0.4","C"
"Amaury Telemaco","   1802","0.7","0.9","-0.3","C"
"Eric O'Flaherty","   5746","-0.4","0.4","0.4","A"
"Jack Hamilton","1005274","0.4","-0.2","-0.1","A"
"Dick Lange","1007316","0.3","-0.5","0.6","B"
"Ben McDonald","1008454","1.3","2","4.5","G"
"Steve Barber","1000530","3.5","2.3","5.4","L"
"Ross Baumgarten","1000689","0.1","1.5","1.8","D"
"Jim Palmer","1009973","3.7","6.2","4.6","K"
"Charlie Williams","1013980","0.3","-0.3","0.2","A"
"Kameron Loe","   4422","0.9","0.7","1.2","B"
"Pat Combs","1002480","2","-0.2","0.2","E"
"Paul Hartzell","1005467","2.9","1.7","1.4","H"
"Joe Verbanic","1013407","-0.3","0.5","-0.3","A"
"Denny Neagle","    441","-0.1","0.4","1.8","B"
"Rick Reed","    750","0.6","0.4","0","A"
"Kirk Rueter","   1128","1","1","0.9","C"
"Chris Ray","   6315","0.5","0.1","0.4","A"
"Joe Decker","1003127","1.3","0.7","0.2","E"
"Doc Medich","1008714","0","3.5","3.4","G"
"Bruce Sutter","1012743","1.9","5.2","2.3","I"
"Adam Bernero","    460","0.3","-0.3","0.1","A"
"Danny Darwin","1002996","1","2.5","1.7","D"
"George Stone","1012565","2.8","2.7","-0.2","H"
"Jake Westbrook","    412","0.8","0.1","1","B"
"Jose Lima","    475","0.6","0.4","2.7","F"
"Ryan Dempster","    517","3.4","2.2","1.4","H"
"Dave Burba","   1239","0.1","-0.2","0.5","B"
"Edgar Gonzalez","   1727","0.4","0.3","-0.1","A"
"Glenn Abbott","1000010","1.5","0.3","0.4","E"
"Alejandro Pena","1010140","-0.2","4.1","4.7","G"
"Jose Rosado","1011192","2.2","3.7","0.3","I"
"Paul Splittorff","1012346","0.1","3.7","3.9","G"
"Dennis Tankersley","   1054","-0.9","0","0.5","B"
"Joel Pineiro","   1094","2.5","3.5","1.8","I"
"Jason Davis","   1598","1","0.8","0.2","E"
"Justin Thompson","   8217","0.8","4.9","4.4","G"
"Ken Brett","1001402","0.7","2.6","4","G"
"Chris Reitsma","    348","2.2","1.2","0.3","H"
"Matt Cain","   4732","3.7","3.3","4","L"
"Tim Stauffer","   6432","0.7","0.2","-0.5","A"
"Jason Dickson","1003278","0.4","1.7","0.7","C"
"Jerry Garvin","1004558","0.1","1.3","0.5","C"
"Xavier Hernandez","1005715","-0.1","-0.8","0.4","A"
"Craig McMurtry","1008651","3.1","0.6","-0.2","H"
"Archie Reynolds","1010861","-0.1","0","-0.2","A"
"John Smiley","1012084","3.5","2.2","1.9","J"
"Juan Agosto","1000084","0","0","0.9","B"
"Richard Dotson","1003424","2.4","2.9","2","I"
"Horacio Estrada","1003843","-0.3","-0.4","0","A"
"Charlie Lea","1007423","0.8","0.5","2.3","F"
"Jake Woods","   2196","-0.3","0.2","-0.1","A"
"Ron Nischwitz","1009604","-0.1","0.2","-0.3","A"
"Franklyn German","   1603","-0.7","-0.3","-0.4","A"
"Wil Ledezma","   1669","1","-0.2","1","B"
"Radhames Liz","   5843","-0.1","-0.2","-0.2","A"
"Bob Sebra","1011709","-0.3","1.3","3.4","F"
"A.J. Burnett","    512","0.9","1.4","4.8","G"
"Wade Blasingame","1001057","0.1","0","-0.2","A"
"Marty Bystrom","1001802","1.4","2.2","1.2","D"
"Ron Davis","1003075","1.3","1.1","1.6","D"
"Sammy Stewart","1012528","0.5","-0.3","0.5","B"
"Brian Barnes","1000560","0.7","0.7","0.3","C"
"Pete Craig","1002722","-0.2","0","0","A"
"Rod Nichols","1009569","0.8","0.3","-0.5","A"
"Jim Parque","    250","1.7","2.8","-0.2","H"
"Jose Capellan","   2236","-0.2","0.3","0","A"
"Manny Corpas","   2807","0.5","1.2","0.8","C"
"Jesse Litsch","   3688","2","-0.2","0.1","E"
"Mike Torrez","1013134","1.6","-0.4","2.2","F"
"Kevin Walker","   1060","0.3","0.3","-0.2","A"
"Sean Marshall","   5905","0.4","1.1","0.7","C"
"John Boozer","1001194","-0.2","0.1","0.5","B"
"Bill Castro","1002077","0.9","0","-0.1","E"
"Reggie Cleveland","1002347","3.5","3.5","4.3","L"
"John Cumberland","1002871","0.7","0.1","-1.1","A"
"Bob Kipper","1006956","-0.4","0.5","-0.3","A"
"Wayne Twitchell","1013244","0.1","2.7","3.5","G"
"Tim Drew","    380","0.5","-0.3","0","A"
"Edinson Volquez","   3990","0.5","3.6","0.2","I"
"Bob Miller","1008877","0.7","2.7","1.1","D"
"Mel Rojas","1011153","-0.6","0.4","1.4","B"
"Lary Sorensen","1012279","1.9","2.4","3","D"
"Kurt Ainsworth","   1431","0.3","0.7","-0.2","A"
"Bo McLaughlin","1008608","0.5","-0.4","0.8","B"
"Bob Shirley","1011911","1.6","1.9","2.3","D"
"Clint Sodowsky","1012262","-0.3","-0.2","0.2","A"
"Fred Talbot","1012813","0.6","0.7","0.4","C"
"Will Cunnane","    274","0","-0.1","-0.6","A"
"Paul Abbott","   1061","-0.1","0.1","-0.4","A"
"Rich Thompson","   6422","0","-0.2","0.1","A"
"Al Downing","1003450","4.2","3","1.8","M"
"Dennis Ribant","1010890","-0.2","1.6","1","C"
"Dan Warthen","1013644","-0.1","-1","-0.6","A"
"Jeff Suppan","    633","0.5","2.8","1.9","D"
"Shawn Hillegas","1005818","0.6","0.4","0.1","A"
"Matt Keough","1006858","1.6","2.2","1.6","D"
"Jim Lonborg","1007724","2.5","2.8","5.7","N"
"Jim Slaton","1012054","2.4","2.1","0.8","H"
"Antonio Osuna","    249","1.2","0.8","0.3","E"
"Andy Benes","   1144","3.6","4.7","3.5","K"
"Huston Street","   8258","1.4","1.1","1.5","D"
"Jeff Ballard","1000490","-0.4","1","2.1","F"
"Dan Larson","1007361","-0.1","0.2","-0.1","A"
"Jim Roland","1011156","0.1","-0.2","0.5","B"
"Danny Graves","    326","-0.2","0.4","0.8","B"
"Scott Olsen","   4529","0.5","1.2","0.2","C"
"Clay Carroll","1001997","0.5","-0.1","1.5","B"
"Todd Erdos","1003804","0.1","0","-0.1","A"
"Bill Gogolewski","1004802","2.3","1.6","0.7","H"
"Brian Rose","1011201","0.2","0.4","-0.4","A"
"Ed Vande Berg","1013348","1.5","0.8","0.6","E"
"Andy Pettitte","    840","3.2","4.6","7.2","N"
"Burt Hooton","1006005","5.3","2.4","3.9","L"
"Jim Ray","1010726","0.7","1.5","-0.3","C"
"Chad Bradford","    904","0.6","-0.1","0.4","A"
"Felix Heredia","   1304","0.7","0.3","0.4","A"
"John Danks","   6329","5","2.7","4.5","L"
"Jay Hook","1005999","0.8","-0.6","1.4","B"
"Scott Linebrink","    564","-0.4","0.1","0.2","A"
"Tom Hall","1005262","2.1","1.1","0.4","H"
"Mike Jeffcoat","1006378","0.2","0.5","-0.4","A"
"Rick Reuschel","1010852","4.2","6.1","4.7","K"
"Jason Jennings","    434","2.1","2.2","1.5","D"
"Mike Jackson","    732","0.7","0.6","0.1","A"
"Travis Miller","    742","-0.1","-0.1","0.4","A"
"Doug Davis","   1244","-0.2","0.5","3.6","F"
"Adam Wainwright","   2233","-0.1","1.2","3.7","F"
"Vida Blue","1001094","2.1","5.5","5.1","K"
"Dean Chance","1002130","7.6","3.2","2.9","M"
"Carlos Silva","    973","0.7","0.1","2.6","F"
"Josh Johnson","   4567","0.2","2","5.6","G"
"Bob Ojeda","1009756","0.5","0.2","1.8","B"
"Jason Bere","    266","1.9","-0.1","-0.1","E"
"Lloyd Allen","1000152","-0.5","-0.3","-0.3","A"
"Gene Pentz","1010165","-0.5","-0.2","-0.3","A"
"Pascual Perez","1010185","0.3","0.9","1.3","B"
"Dan Spillner","1012342","1.5","-0.4","-0.5","E"
"Mike Strahler","1012591","0","-0.2","-0.4","A"
"Jordan Zimmermann","   4505","1.9","-0.3","3.1","F"
"Jonathan Broxton","   4759","1.9","2","2.6","D"
"Yovani Gallardo","   8173","2.7","3.6","2.7","I"
"Bill Greif","1005027","1.9","2.1","-0.9","H"
"Ken Patterson","1010067","0.1","-0.8","-0.3","A"
"Craig Swan","1012754","0.1","0.1","1.5","B"
"Jay Powell","   1271","0","0.1","1.2","B"
"Mike Norris","1009637","0.2","1","6","G"
"Aaron Myette","   1263","0.4","-0.5","-0.1","A"
"Dan Miceli","   1463","-0.1","0.1","-0.6","A"
"Dontrelle Willis","   1703","6.5","3","0.9","M"
"Taylor Tankersley","   8249","0.4","0.2","-0.6","A"
"Bill Bray","   8538","0.4","0.3","0.5","B"
"Mike Campbell","1001887","0.2","0.5","-0.2","A"
"Scott Elbert","   7489","0","-0.1","0.6","B"
"Jon Matlack","1008246","4.7","7.5","4.4","K"
"Jason Standridge","   1229","-0.1","-0.1","-0.3","A"
"Mike Pelfrey","   5203","0.4","3.1","1.9","D"
"Kyle Kendrick","   6230","0","0.3","0.5","B"
"Mike McCormick","1008420","-1","-0.1","0.3","A"
"Mike Thompson","1013020","0","-0.2","0.9","B"
"Rick Waits","1013494","1.3","1.4","1.5","D"
"Paul Quantrill","    669","0.7","1.2","-0.1","C"
"Neal Heaton","1005568","2.4","1.3","2","J"
"Mike Munoz","1009328","-0.1","0","0","A"
"Phil Regan","1010785","0.3","0.4","1.3","B"
"Mark Mulder","    932","5.7","3.9","4.5","L"
"Fernando Cabrera","   2105","0.5","-0.2","-0.5","A"
"John Candelaria","1001909","2.9","2.7","2.2","J"
"Bill Parsons","1010026","0.3","-0.9","0","A"
"Bruce Chen","    769","1.7","0.5","-0.2","E"
"Ken Forsch","1004234","0.6","4.1","0.8","I"
"Mike Smith","1012182","0","-0.2","0.1","A"
"Wade Miller","    568","1.6","2.8","3.4","G"
"Ted Lilly","    833","-0.1","0.1","0.8","B"
"Carlos Villanueva","   4138","0.4","0.7","0.5","B"
"Cole Hamels","   4972","3.9","4.7","3.7","K"
"Andy Hassler","1005480","1.1","1.5","2.2","D"
"Dan Schatzeder","1011527","0.5","1.3","2.1","D"
"Pete Schourek","1011608","1.3","0.9","0.7","E"
"Scipio Spinks","1012345","0.4","2.1","0.1","C"
"Livan Hernandez","   1116","0.4","2.9","4.5","G"
"Joe Moeller","1009023","0.8","-0.2","0.2","A"
"Kevin Millwood","    106","3.4","5.5","4","K"
"Edwin Jackson","   1841","1.2","1.5","3.7","F"
"Kevin Gross","1005088","1.3","3.6","1.5","I"
"Don Gullett","1005134","4.2","2.4","1.3","M"
"Gerry Hannahs","1005315","-0.1","-0.2","0.1","A"
"Joe Magrane","1007973","3","4.7","3.4","K"
"Matt Perisho","   1423","-0.3","0.6","-0.3","A"
"Zack Greinke","   1943","2.1","4.2","8.6","N"
"Ian Snell","   2227","0.1","1.9","3.4","G"
"Ubaldo Jimenez","   3374","0.9","4.2","5.3","G"
"Ricky Nolasco","   3830","1.2","0.1","4.3","F"
"Lance Cormier","   4346","-0.9","0.1","0.1","A"
"Paul Maholm","   8678","0.6","1.4","1.8","D"
"Francisco Barrios","1000603","0.8","3.3","1.5","I"
"Don Shaw","1011820","0","0","-0.7","A"
"Bill Stafford","1012375","-0.8","0.4","0.6","B"
"Dan Reichert","    624","1.4","0.8","-0.1","E"
"David Cone","   1680","0.1","0.5","5.3","F"
"Lance Broadway","   9885","0.4","-0.1","0.3","A"
"Jerry Bell","1000812","0.2","0.1","1.4","B"
"Nelson Briles","1001432","2.1","2.4","3.4","G"
"Mark Gubicza","1005115","3","3.8","6.2","N"
"Melido Perez","1010183","0.8","3.4","2","I"
"Luis Tiant","1013054","2","2.8","2.5","I"
"J.C. Romero","    754","0.2","0.6","0.3","A"
"Blue Moon Odom","1009726","2.7","2.9","0.2","H"
"T.J. Tucker","    800","0.2","0.9","0.8","B"
"Daniel Cabrera","   1931","1.3","2.5","2.6","D"
"Joe Blanton","   4849","0.1","2.2","3.2","G"
"Dustin McGowan","   8600","0","-0.1","3.4","F"
"Garrett Olson","   9889","0","0.9","-0.6","A"
"Dave Fleming","1004145","1.6","0.5","-1.1","E"
"Ray Sadecki","1011360","3.7","1.2","-0.3","H"
"Lee Smith","1012175","0.9","2.7","2.4","D"
"Eric Gagne","    650","0.6","0","1.3","B"
"Glendon Rusch","    707","1.5","-0.1","4.7","F"
"Kyle Lohse","    739","1.2","2.8","1","I"
"Felix Hernandez","   4772","7","6.8","5.3","O"
"Mark Thompson","1013019","-0.2","0.2","1","B"
"Jose Paniagua","    483","-0.4","0.1","0.7","B"
"Oliver Perez","   1514","-0.8","0.1","2.7","F"
"Bert Blyleven","1001098","8.5","6.2","6.7","O"
"Wally Bunker","1001652","1.3","2.3","0.4","C"
"Bob Hendley","1005637","2.8","0.9","1","H"
"Anibal Sanchez","   3284","0","0.3","0.7","B"
"Rich Gossage","1004894","4","2","4.2","L"
"Dave Morehead","1009156","-0.1","1.3","0.7","C"
"Javier Vazquez","    801","5.2","6.1","4.6","K"
"Chad Cordero","   1816","1","0.1","0.5","E"
"Franquelis Osoria","   2860","0","-0.3","-0.1","A"
"Willie Fraser","1004306","1.6","-0.7","0.6","E"
"Bill Lee","1007448","0.5","1.1","0.3","C"
"Jim Pittsley","1010379","0.4","-0.4","0","A"
"Bruce Ruffin","1011294","2.5","0.4","0.7","E"
"Tom Glavine","     90","2","2.9","5.4","N"
"Doug Waechter","   1814","-0.9","0.6","0.4","A"
"Jason Bergmann","   4640","0.2","-0.1","0.8","B"
"Brad Bergesen","   8375","1.9","0.5","0.1","E"
"Dennis Martinez","1008161","3.8","4.3","-0.2","M"
"Duaner Sanchez","   1518","-0.1","0","0.6","B"
"Larry Gura","1005150","0.1","0","0.7","B"
"Kevin Correia","   1767","-0.1","-0.4","1","B"
"Jim Brewer","1001406","0.3","-0.2","-0.5","A"
"Nino Espinosa","1003830","2.6","0","2","J"
"Tommy Greene","1005013","-0.3","2.8","0.2","C"
"Erik Hanson","1005333","0.9","2.4","6.6","N"
"Calvin Schiraldi","1011563","-0.1","1.3","0.3","C"
"Randy St. Claire","1012443","0","0.1","0.3","A"
"Eddie Guardado","    727","0.1","0.3","0.3","A"
"Billy Buckner","   8253","0","-0.1","0.5","B"
"Pete Broberg","1001454","0.7","-0.6","0.8","B"
"Cecil Upshaw","1013292","0","0.2","0.8","B"
"Jason Hammel","   4538","0.3","0.3","-0.2","A"
"Dave Boswell","1001222","1.2","5.2","-0.3","I"
"Joe Johnson","1006473","0.6","2.9","0.5","C"
"Randy Myers","1009427","0","1.5","1.7","D"
"Joe Sparma","1012307","2.5","-0.6","2.2","J"
"Mac Suzuki","   1485","0.3","0.1","2.3","F"
"John Lackey","   1507","1.9","1.8","3.1","J"
"Franklin Morales","   5088","0.4","-0.6","0","A"
"Homer Bailey","   8362","1.1","1.6","1.3","D"
"Jimmy Key","1006885","-0.4","2.8","3.4","G"
"Tom Parsons","1010031","-0.1","0.3","-0.1","A"
"Jason Marquis","    105","0.3","0","1.8","B"
"Jerry Blevins","   7841","0","0.6","0.3","A"
"Frank Viola","1013435","0.1","3.5","3.9","G"
"Greg Swindell","     76","6.3","3.3","2.7","M"
"Greg Maddux","    104","3.7","5.1","5.8","K"
"Rafael Soriano","   1100","1.6","0.1","0.2","E"
"Luis Mendoza","   3126","0.2","0.4","-0.1","A"
"Don Aase","1000003","1.6","1.8","1.9","D"
"Tom Bradley","1001316","1.3","7.7","5.9","K"
"Mark Brownson","1001544","0.2","0.1","-0.1","A"
"Pep Harris","1005427","0.1","0.5","0.1","A"
"Steve Wilson","1014105","-0.1","1.1","1.1","B"
"Ross Detwiler","   2859","1.3","-0.3","0.3","E"
"Chris Resop","   3799","-0.1","-0.1","-0.2","A"
"John Maine","   4773","-0.1","-0.3","0.9","B"
"Mike Busby","1001743","-0.4","0.1","0.5","B"
"Tim Davis","1003082","0.3","0.3","0.5","B"
"Paul Moskau","1009245","1.5","0.9","0.7","E"
"Jarrod Washburn","     40","0.6","1","0.3","C"
"Tim Redding","    573","0.2","0.7","2.7","F"
"LaTroy Hawkins","    729","0","-0.1","1.6","B"
"Joe Roa","    969","0","0","0","A"
"Brian Meadows","    998","0.3","0.7","-0.1","A"
"Chris Britton","   3600","0.7","-0.1","-0.2","A"
"John Hope","1006011","0","-0.1","-0.3","A"
"Mike Parrott","1010024","0.5","4.3","0.1","I"
"Mike Hampton","    430","2.4","3.1","2.3","I"
"George Frazier","1004308","-0.1","-0.2","0","A"
"Scott Elarton","    426","3","1.7","-0.9","H"
"Armando Benitez","    865","0.3","1.7","0.4","C"
"Steve Trachsel","    898","1.5","0.7","1.6","D"
"Rich Harden","   1772","3.6","0.7","0.4","H"
"Ian Kennedy","   6986","-0.2","-0.1","1.6","B"
"Steve Kealey","1006727","0.1","0.1","0.6","B"
"Brian Looney","1007745","0.2","-0.1","-0.1","A"
"Joba Chamberlain","   2692","1.6","1.3","0.2","E"
"Jim Britton","1001451","0","1.4","0.2","C"
"Bob Milacki","1008855","0.6","2.2","0","C"
"Barry Zito","    944","4.8","4.5","4.4","K"
"Ryan Madson","   1852","1.3","0.8","0.9","E"
"Juan Oviedo","   2886","-0.3","-0.1","0.4","A"
"Jim Beattie","1000731","1.4","0.7","1","E"
"Pedro Borbon","1001195","-0.2","-0.1","0.7","B"
"Ryan Bowen","1001248","0.6","-1.2","1.4","B"
"Bill Monbouquette","1009048","4.6","4.1","5.2","L"
"Dave Stieb","1012532","2.9","4.8","5.1","K"
"Sergio Mitre","   1773","0.5","-0.1","-0.1","A"
"Rick Aguilera","1000086","2","1.6","1.6","D"
"Steve Arlin","1000303","-0.2","0.1","3.4","F"
"John Briscoe","1001441","-0.2","0","-0.2","A"
"Dick Ruthven","1011330","3.4","0.4","3.9","J"
"Jose Silva","    354","0.3","1.9","1.4","D"
"Wilson Alvarez","   1193","2.7","2.8","1.5","I"
"Renyel Pinto","   2180","-0.1","0.1","-0.4","A"
"Alberto Arias","   3087","-0.2","0.2","0.6","B"
"Dick Drott","1003511","-0.6","-0.2","0","A"
"Wes Gardner","1004532","0.5","0","0","A"
"Bruce Hurst","1006222","0.2","0.4","2.6","F"
"John Rocker","   1273","0.1","2.3","0.4","C"
"Ben Howard","   1452","-0.4","-0.5","-0.3","A"
"Scott Feldman","   6283","0.3","-0.4","0.6","B"
"Craig Anderson","1000221","-0.2","0.3","0.3","A"
"Larry Dierker","1003288","3.6","3.3","3.3","L"
"Dave Righetti","1010958","2.9","5.4","2.6","K"
"Bob Stanley","1012409","2.3","4","2.5","I"
"Chad Durbin","   1442","1.4","-0.2","0","E"
"Rob Woodward","1014249","0.3","0","0","A"
"Noah Lowry","   1833","1.6","3.5","1.3","I"
"Jo-Jo Reyes","   5559","-0.1","0","-0.2","A"
"Philip Humber","   8586","0","-0.1","-0.3","A"
"Dennis Leonard","1007531","0.2","2.4","3.8","G"
"Billy McCool","1008409","-0.7","-0.6","0.1","A"
"Ray Burris","1001729","0.3","2.4","2.8","G"
"Mike Moore","1009122","2.4","4.2","5.9","N"
"Bob Walk","1013507","2","-0.3","0.8","E"
"Oscar Villarreal","   1654","-0.2","0","0.4","A"
"Aaron Laffey","   6248","0.5","1.3","0.6","C"
"Mike Duvall","1003603","0","-0.3","0","A"
"Brian Holman","1005969","1.8","2.5","2.7","D"
"Gary Peters","1010228","0.1","0.3","0.1","A"
"Steve Woodard","   1285","2.9","3.2","1.1","I"
"Joaquin Benoit","   1437","-0.2","0.7","-0.1","A"
"James McDonald","   5523","0.1","0","1.5","B"
"Hong-Chih Kuo","   7016","0","1.4","0.4","C"
"Jamie Easterly","1003639","0.4","0.4","-0.4","A"
"Eric King","1006929","0.6","0.4","1","B"
"Ramon Martinez","1008193","2.9","1.1","1.9","J"
"Bob Welch","1013750","2.9","1.9","3.3","J"
"Bob Wickman","    413","0.7","0.9","1.6","D"
"Ty Taubenheim","   5561","0.2","-0.1","0.2","A"
"Jim Abbott","1000012","5.5","4.4","2.3","M"
"Mark Clark","1002296","-0.1","0.2","0.5","B"
"Mike Johnson","1006487","-0.1","-0.3","-0.2","A"
"Dave Lemanczyk","1007511","-0.5","1","0.5","C"
"Chuck Seelbach","1011718","-0.5","1.1","0","C"
"Jay Tibbs","1013055","2.6","2.8","0.6","H"
"Josh Beckett","    510","4","3.3","4.2","L"
"Vladimir Nunez","    532","0","1.1","0","C"
"Arthur Rhodes","   1097","-0.4","0.5","0.2","A"
"Ismael Valdez","   1283","3.9","2.2","2.2","J"
"J.P. Howell","   8245","0.7","0.4","1.5","B"
"Rick Camp","1001901","0.2","0.3","0","A"
"Mark Langston","1007323","4.4","-0.7","4.1","J"
"Jack O'Connor","1009714","-0.7","0.8","-0.1","A"
"Gene Nelson","1009501","0.6","0","1.4","B"
"Marc Valdes","1013313","-0.2","0","1","B"
"Scott Aldred","1000115","0.1","-0.4","-0.2","A"
"Gordie Pladson","1010383","0","0","0","A"
"Mike Wallace","1013553","0","0","-0.2","A"
"Carlos Marmol","   2790","-0.4","1.7","1.4","C"
"Dennis Bennett","1000838","1.1","1.3","1.5","D"
"Scott Chiamparino","1002183","0.8","0.2","0.5","E"
"Darold Knowles","1007058","-0.2","0.9","0.6","C"
"Gregg Olson","1009791","1.8","2.2","1.6","D"
"Joe Price","1010530","0.4","0.8","0.4","C"
"Chris Short","1011931","0.7","1.1","3.4","F"
"Bobby Witt","1014170","1.7","2.4","2.5","D"
"Jesse Crain","   4817","-0.1","0.9","-0.3","A"
"Stan Belinda","1000792","0.6","-0.3","-0.3","A"
"Andy Hawkins","1005514","1.1","0.2","2","F"
"Billy Wynne","1014311","0.2","0","1.2","B"
"Kris Medlen","   9417","0.7","1","0.2","C"
"Ed Halicki","1005228","0.6","4.4","3.3","G"
"Dave McNally","1008655","3","0.7","4.5","J"
"Bob Owchinko","1009914","1.6","0.2","0.6","E"
"Jerry Ujdur","1013269","-0.4","0","0.5","B"
"Matt Riley","    164","0.2","0.3","-0.4","A"
"Brad Penny","    535","4.6","1","3.1","J"
"Sterling Hitchcock","    824","0.8","2","2.7","D"
"David Weathers","    902","0.9","1","0.4","C"
"Darryl Kile","   1163","0.8","2.4","0.8","C"
"Ken Holtzman","1005989","5.1","5.8","3.6","K"
"Rick Sutcliffe","1012734","2.7","-0.4","-0.3","E"
"Todd Stottlemyre","     75","-0.2","1.2","2.7","F"
"Mike Mussina","    837","5.3","2.8","3.4","L"
"Rod Beck","   1730","2.7","1.4","-0.3","H"
"Chuck James","   4886","0.1","0.7","0.4","B"
"David Robertson","   8241","0.2","0.7","0.8","B"
"Larry Jaster","1006367","1.5","0.4","-1","E"
"John Strohmayer","1012626","0.6","0.1","0.2","A"
"Shawn Estes","    873","1.3","3.6","1.8","I"
"Tim Lincecum","   5705","3","7.2","7.5","N"
"Tommy Boggs","1001123","0.2","2.8","1.7","D"
"Bill Butler","1001771","0.1","0.2","-0.1","A"
"Curt Young","1014368","0","1.1","-1.2","A"
"Charles Nagy","    397","0","3.2","7","N"
"John Thomson","    453","3.3","2.6","0.2","H"
"Danny Frisella","1004365","-0.1","0.6","1.3","B"
"Roy Lee Jackson","1006311","0","-0.2","0.1","A"
"Randy Jones","1006582","1.7","2.5","4.3","G"
"Roy Smith","1012202","0.6","0","-0.1","A"
"Dick Ellsworth","1003754","6.6","1.7","3","M"
"Mike Griffin","1005048","0.2","0.8","0.1","C"
"Butch Metzger","1008811","-0.1","1","-0.8","A"
"Tracy Stallard","1012392","0.8","0","-0.3","A"
"Alan Benes","    265","0.4","0.6","3.5","F"
"Francisco Rodriguez","   1642","1.5","2.4","1.9","D"
"Dock Ellis","1003747","0.7","4.2","3.4","G"
"Alex Fernandez","1003993","4.1","2.4","4.5","L"
"Mike Flanagan","1004133","0.2","0.6","4.4","F"
"Jim Hannan","1005316","0","0.2","0.2","A"
"Rick Honeycutt","1005992","-0.3","1.5","2.2","D"
"Terrell Wade","1013474","0.3","0.3","0","A"
"Mitch Williams","1014025","0.1","-0.5","0","A"
"Matt Anderson","    459","0.2","1.4","-0.1","C"
"Julio Santana","    496","0.1","0.5","-0.4","A"
"Steve Carlton","1001964","4","4.9","3.6","K"
"Jim Hughes","1006157","2.1","0.4","0","E"
"Jim Kaat","1006660","5.4","1.9","4.7","L"
"Eric Plunk","1010400","1.1","0.8","0","E"
"Bill Singer","1012007","4.7","4.2","6.1","O"
"Ray Washburn","1013652","0.5","1.9","1.5","D"
"Jorge Julio","    148","1","-0.4","0","E"
"Shawn Chacon","    424","1.3","-0.4","2.2","F"
"Braden Looper","    526","0","0.5","0.1","A"
"Charlie Haeger","   3545","-0.4","-0.2","-0.1","A"
"Joaquin Andujar","1000266","0.9","1.2","0.6","C"
"Cris Carpenter","1001978","0.7","0.3","-0.1","A"
"Tom Gorman","1004887","0.2","0.4","0.3","A"
"Jason Jacome","1006330","1","0.4","0.3","E"
"Andy Messersmith","1008799","5","2.3","3.5","L"
"Dave Pagan","1009949","0.3","0.8","0.1","C"
"Dave Rucker","1011279","0","0.8","0","A"
"Cory Bailey","    588","-0.2","0.1","0.6","B"
"Dan Serafini","   1812","0.5","0.4","-0.5","A"
"Jae Kuk Ryu","   8228","-0.4","-0.1","0","A"
"Dwight Gooden","1004852","6","1.8","6.8","L"
"Matt Clement","    271","0.3","2.1","1.6","D"
"Kyle Farnsworth","    278","-0.4","-0.3","2","B"
"Randy Wolf","    976","2.9","3.4","3.9","L"
"Gio Gonzalez","   7448","1.1","3.2","3.3","G"
"William Van Landingham","1013358","1.2","1.7","1.3","D"
"Ricky Wright","1014292","0.3","0.1","-0.3","A"
"Mark Davis","1003067","0.4","1.5","1.6","D"
"Joe Grahe","1004939","1.2","0.8","0.1","E"
"Joe Horlen","1006025","0","1.4","0.7","C"
"Jon Lester","   4930","0.2","4.2","5.4","G"
"Jeremy Sowers","   9083","0.9","-0.1","0.4","E"
"Stan Bahnsen","1000414","4.4","1","2.3","J"
"Denny Lemaster","1007512","0.8","1.4","1.9","D"
"Jose Santiago","1011443","0.7","0","2.7","F"
"Dick Selma","1011737","0.6","1.7","3.8","G"
"Steve Trout","1013197","1.8","1.5","2.4","D"
"Danys Baez","    367","0.7","2.2","0.8","C"
"Bryan Rekar","    625","1.4","-0.2","-0.2","E"
"Pete Redfern","1010751","-0.2","1.9","1.7","D"
"Mike Holtz","    920","0.5","0.2","0.8","B"
"Mike Williams","   1014","0","0.2","0.1","A"
"Enrique Gonzalez","   2568","1.3","0","0","E"
"Max Scherzer","   3137","1.1","2.7","4","G"
"Bob Allen","1000136","0","-0.5","0.2","A"
"Doug Bird","1000976","1.1","1.5","1.6","D"
"Scott Klingenbeck","1007011","0","-1.2","0","A"
"Andrew Carpenter","   9533","0","0","-0.1","A"
"Cecilio Guante","1005113","0.9","0.1","1.5","B"
"Mark Buehrle","    225","4.3","4.3","4.5","K"
"Jose Rijo","    349","3.8","2.1","4.5","L"
"Jeremy Bonderman","   1667","5.6","2.8","0.3","M"
"Joe Smith","   3281","0.2","0.3","0.2","A"
"Barry Jones","1006526","0","-0.3","-0.1","A"
"Lew Krausse","1007146","2.7","0.4","1","E"
"Bob Myrick","1009430","-0.2","0.6","-0.4","A"
"Dennis Powell","1010484","0.4","0","-0.3","A"
"Juan Berenguer","1000865","-0.1","0.6","-0.2","A"
"Tim Conroy","1002543","0.3","-0.1","-0.3","A"
"Scott Garrelts","1004546","2.1","1.5","1.8","D"
"Rusty Meacham","1008702","0","1.8","0.1","C"
"Johan Santana","    755","3.4","3.7","6.8","N"
"Johnny Cueto","   6893","1.4","2.5","3","G"
"Anthony Reyes","   7105","0.1","0.2","0.5","B"
"Ross Grimsley","1005071","1.6","4.2","0.9","I"
"Mark Prior","    301","2.9","2.9","-0.2","H"
"Adam Eaton","   1029","1","0.1","2.5","F"
"George Culver","1002870","0.3","2.4","0.4","C"
"Tommie Sisk","1012018","1","0.6","2.3","F"
"Julio Solano","1012266","-0.2","0.1","-0.4","A"
"Tom Gordon","    282","1.6","1","2.5","D"
"Rich Bordi","1001199","-0.1","0.2","0.2","A"
"Ken Howell","1006100","2.2","0.9","0.4","E"
"Steve McCatty","1008383","0.1","0.1","1.6","B"
"Luis DeLeon","1003169","0.8","1.9","-1","C"
"Fergie Jenkins","1006388","1.8","4.5","6.3","N"
"Barry Moore","1009089","0.2","-0.2","0.6","B"
"Don Sutton","1012745","4","3.9","1.9","M"
"Juan Rincon","    752","0.1","0.7","2.4","F"
"Rob Bell","   1492","0.1","-0.2","0.8","B"
"Matt Garza","   3340","1.1","3.3","2.8","G"
"Bobby Bolin","1001146","0.6","1.4","1.4","D"
"Mike Cook","1002573","-0.2","0","-0.1","A"
"Atlee Hammaker","1005281","0.3","2.6","4.6","G"
"Brad Lesley","1007557","0.7","0.1","-0.7","A"
"Stan Perzanowski","1010218","-0.1","0.9","-0.3","A"
"Don Robinson","1011061","2.1","-0.5","1","E"
"Kevin Saucier","1011457","0.1","0.5","0.3","A"
"CC Sabathia","    404","2.8","3.6","5","L"
"John Flinn","1004161","-0.5","0","-0.3","A"
"Butch Henry","1005667","1.4","0.3","1.9","F"
"Hipolito Pichardo","   1472","2.3","0.6","0.6","E"
"Tom Bruno","1001594","-0.3","-0.4","0.6","B"
"Ron Darling","1002989","1","2.2","3.5","G"
"Adam Peterson","1010220","0","-0.2","-0.3","A"
"Floyd Youmans","1014361","1.6","0.2","-0.5","E"
"Chris Haney","    192","0.2","1","0.5","C"
"Dan Haren","   1757","0.5","3.7","3.8","G"
"Marc Rzepczynski","   6612","0.9","0.4","0.7","E"
"Tony Cloninger","1002359","2.7","3.8","1.5","I"
"Roger Erickson","1003812","3.2","1.2","1.5","J"
"Tommy John","1006515","3.8","2.6","2.9","J"
"Milt Pappas","1009989","1.2","2.1","4.8","G"
"David West","1013799","0.1","0","-0.1","A"
"Ken Wright","1014286","0.1","0.5","0.1","A"
"Brad Radke","    748","2.8","4.9","4.2","K"
"Esteban Loaiza","   1310","1.2","-0.2","2.9","F"
"Cal Eldred","   1653","0.1","2.6","2.9","G"
"John Wasdin","   1768","0.6","0.5","0.3","A"
"Juan Dominguez","   1796","-0.3","0.6","0.4","A"
"Phil Hughes","   7450","2.3","3.1","0.5","H"
"Mark Fidrych","1004023","0.5","-0.2","0.2","A"
"Jerry Reuss","1010853","2.8","4","2.5","I"
"Pedro Astacio","    862","2.6","1.5","1","H"
"Shawn Boskie","1001213","1.3","0.3","-0.8","E"
"Sheldon Burnside","1001719","0.1","0.1","-0.1","A"
"Casey Fossum","    188","0.2","1.8","1.2","C"
"Jeff Weaver","    503","3.1","4","4.1","K"
"Wayne Garland","1004538","0.9","0.3","3.3","F"
"Eric Rasmussen","1010704","1.3","0.9","2.5","F"
"Bobby Sprowl","1012367","0.1","0","0.1","A"
"Eric Milton","    743","3.6","2.9","2.1","J"
"Bob McClure","1008400","0.1","-0.2","1.4","B"
"Don Stanhouse","1012401","-0.1","-0.1","1.4","B"
"Jeff D'Amico","    871","0","3.3","-0.1","C"
"Brandon McCarthy","   4662","1.1","0.1","1","E"
"Bill Champion","1002127","0","0.7","0.9","B"
"Rick Rhoden","1010887","1.2","3.2","1.6","I"
"Andy Ashby","    637","0","-0.4","0.1","A"
"Wade LeBlanc","   5221","-0.5","0.2","0.3","A"
"Mike Corkins","1002630","-0.1","-0.2","0.2","A"
"Elizardo Ramirez","   1946","1.4","-0.2","-0.1","E"
"Juan Morillo","   3369","0","0","-0.1","A"
"Gerry Arrigo","1000326","1.4","0.4","0","E"
"Greg Booker","1001179","-0.2","-0.1","-0.5","A"
"Rocky Childress","1002189","0.1","0","0","A"
"Bob Lacey","1007232","0.5","0.8","-0.3","A"
"Juan Marichal","1008106","2.3","1.7","6.7","N"
"Tom Niedenfuer","1009578","1.1","0.3","2.8","F"
"Gary Nolan","1009616","4.9","2.9","-0.1","M"
"Dewon Brazelton","   1195","-0.2","1.2","-1.1","C"
"Scott McGregor","1008546","1.2","3.5","2.8","G"
"Dave Rozema","1011273","1.2","1.1","0.4","E"
"Mac Scarce","1011498","-0.3","0.4","0.2","A"
"Scott Scudder","1011699","0.4","0.8","0","C"
"Daniel Schlereth","   8739","0.1","0","-0.4","A"
"Mike Bacsik","1000402","0.3","-0.4","-0.1","A"
"Bob James","1006345","0.1","0.6","0.8","B"
"Jamey Wright","    715","1.5","1","1.8","D"
"Jesus Colome","   1198","-0.5","-0.6","0","A"
"Collin Balester","   6883","-0.6","0.1","-0.4","A"
"Mark Grant","1004951","0.5","-0.3","0.2","A"
"Dwayne Henry","1005670","0.8","-0.1","-0.2","A"
"Dave Tomlin","1013110","-0.3","-0.5","-0.3","A"
"Zach Duke","   3840","3.2","0.7","2.7","J"
"Jack Aker","1000097","-0.9","0.2","1.2","B"
"Chuck McElroy","1008477","0.7","0.5","0","A"
"Jeff Robinson","1011072","2.1","-0.2","1.4","E"
"John D'Acquisto","1002919","-0.8","-0.9","-0.1","A"
"Dennis Lewallyn","1007572","0.3","0","0","A"
"Mike Nagy","1009439","-0.1","0","0.2","A"
"Randy O'Neal","1009802","0.5","1.1","0.9","C"
"Jeff Shaw","1011823","-0.4","0","-0.2","A"
"Hank Webb","1013710","-0.2","-0.1","-0.6","A"
"Jimmy Haynes","    329","0","1.1","1.7","B"
"Roger Clemens","    815","7.1","8.4","9.2","O"
"James Baldwin","   1064","-0.5","2.5","2.9","G"
"Jim Johnson","   3656","-0.1","0","1","B"
"Jim Barr","1000606","0.2","1.9","2.5","D"
"Rocky Coppinger","1002604","0.1","-0.1","-0.4","A"
"Eddie Fisher","1004085","0","-0.4","2.2","F"
"Preston Hanna","1005318","1","0.3","0.1","E"
"Steve Hargan","1005356","4.7","4.2","0.4","M"
"Carl Pavano","    790","2.1","1.8","0.4","H"
"Bruce Howard","1006071","1.3","0.6","-0.9","E"
"Jeff Juden","1006643","0.1","0.5","-0.1","A"
"Greg Minton","1008986","-0.1","0.1","0.3","A"
"Edwin Nunez","1009658","-0.1","0.2","0","A"
"Phil Ortega","1009855","-0.1","-0.5","-1.9","A"
"Fernando Valenzuela","1013327","5.2","5.4","6.2","O"
"Bill Wegman","1013727","0.8","2.4","1.4","D"
"Steve Avery","   1706","5.1","2.5","2.5","M"
"Jose DeJesus","1003151","-0.1","-0.2","1.1","B"
"Chuck Dobson","1003343","1.6","2.2","3.9","G"
"Paul Lindblad","1007614","-0.1","0.8","0.3","C"
"Tom Murphy","1009376","2.7","0","0.6","E"
"Joey Hamilton","    328","2","3.1","3.4","G"
"Jerome Williams","   1137","0.8","-0.2","-0.3","A"
"Russ Springer","   1652","0.1","-0.3","0.1","A"
"Jeff Samardzija","   3254","0.5","-0.3","-0.5","A"
"Don Hood","1005994","0.8","0.7","0.2","E"
"Jerry Walker","1013523","-0.9","-1.1","0","A"
"Jonathan Johnson","     59","0","0","-0.1","A"
"Pete Richert","1010922","0.4","0.1","2.8","F"
"Al Santorini","1011444","0.5","2.1","-0.1","C"
"Bill Simas","1011977","0.1","1","-0.2","C"
"Mario Soto","1012289","3.1","3.3","7.4","N"
"Carlos Zambrano","    305","4.7","4.2","3.9","L"
"Willie Banks","   1434","0.4","2.6","1.4","D"
"Scott Kazmir","   4897","4.8","2.3","2.2","M"
"Shaun Marcum","   6204","0.1","0.3","1.1","B"
"Mauro Gozzo","1004906","0.4","0","0","A"
"Tony Armas Jr.","    761","3.6","1.2","0.5","H"
"Roy Halladay","   1303","-0.3","4","6.8","N"
"Pete Cimino","1002240","0.7","-0.2","0","A"
"Derek Lilliquist","1007607","2.1","0.4","-0.1","E"
"Mike Mason","1008221","0","0.2","2.6","F"
"Scott Erickson","    137","3.2","1.9","3.3","J"
"Chuck Estrada","1003841","1.6","1.7","0.1","H"
"Mark Littell","1007657","1.7","2.1","1.2","D"
"Jeff Reardon","1010741","-0.1","0.6","0.4","A"
"Ray Corbin","1002614","1.4","2","1","D"
"Bob Knepper","1007031","1.6","4.5","0.1","I"
"Denny McLain","1008603","1.1","7.2","7","N"
"Byung-Hyun Kim","     61","2.5","2.3","0.1","H"
"Brett Myers","    962","1.1","3.4","3.5","G"
"Jeff Francis","   4684","0.3","2","3.5","G"
"Gary Bell","1000806","1.4","1.7","0.2","C"
"Skip Lockwood","1007696","0.6","2.5","1.7","D"
"Bill Stoneman","1012560","0.3","-0.8","1.2","B"
"Trevor Wilson","1014109","-0.1","0.6","2.7","F"
"Paul Shuey","    406","0","0.1","0.5","B"
"Jose Guzman","1005160","1.2","2.2","2.9","D"
"Drew Hall","1005242","0.3","0","-0.2","A"
"Ken Hill","1005827","1.8","1","2.1","D"
"Kevin Brown","    642","0.3","3.1","2.4","G"
"Salomon Torres","   1628","-0.4","0.7","-0.2","A"
"Denny Bautista","   1947","0.4","0.5","0","A"
"Jered Weaver","   4235","2.5","2.9","3.2","J"
"Jeff Karstens","   5879","0.2","-0.4","0.5","B"
"Justin Verlander","   8700","2.8","3.7","3.2","I"
"Juan Pizarro","1010382","-0.2","3.9","3.9","G"
"Doug Rau","1010717","0.5","0.4","2.3","F"
"John Urrea","1013301","0.8","0.1","-0.2","A"
"Brian Bruney","   1929","-0.3","0.2","-0.2","A"
"Yhency Brazoban","   2150","0.5","-0.3","0.1","A"
"Ken Dayley","1003097","0.2","1","-0.5","C"
"Mark Guthrie","    876","0.3","3.4","0.6","I"
"Vicente Padilla","    964","0.7","3.6","2.7","G"
"Kent Bottenfield","1001226","0.3","-0.8","0.1","A"
"Denis Boucher","1001231","-0.4","-0.5","0.8","B"
"Pete Harnisch","1005374","2","3.3","2.5","I"
"Cal Koonce","1007101","0.7","1.4","0.4","C"
"Eduardo Rodriguez","1011102","-0.1","0","0.9","B"
"Frank Tanana","1012818","5.8","2.8","1.3","M"
"Joe Kennedy","   1217","2.5","0.6","2.8","J"
"Aaron Cook","   1571","0.3","1","1.2","B"
"John Buzhardt","1001788","2.1","0.9","1.1","E"
"Bobby Castillo","1002057","-0.4","0.5","0.5","B"
"Willie Hernandez","1005714","-0.4","0","0.8","B"
"Scott Strickland","    897","0","1.2","0.7","C"
"Jensen Lewis","   3384","0.7","0","-0.3","A"
"Steve Kline","1007005","2.4","2.3","0.4","H"
"Bob Moose","1009134","1.3","5.2","3.1","I"
"Justin Wayne","    803","0.1","-0.2","-0.6","A"
"Jake Peavy","   1051","4.1","5.4","4.4","K"
"Floyd Bannister","1000516","0","2.3","4.2","G"
"Oil Can Boyd","1001279","1.4","3.6","4.6","G"
"Jose DeLeon","1003168","2.9","1.8","0.8","H"
"Rollie Fingers","1004051","1.6","1","1.5","D"
"Dave Goltz","1004818","1.2","1.4","2.4","D"
"Kurt Miller","1008913","-0.3","-0.3","0.1","A"
"Steve Rogers","1011138","2.6","4.4","4.2","K"
"Pete Vuckovich","1013461","0.5","2.2","4.3","G"
"Stan Williams","1014039","3","4.6","0.7","I"
"Jon Garland","    232","1.7","1.9","3.5","G"
"Scott Karl","1006703","1.7","2.4","2.4","D"
"Art Mahaffey","1007979","2.9","2.6","0.5","H"
"Jaime Navarro","1009465","2.1","3.1","4","G"
"Scott Ruffcorn","1011293","-0.3","0","-0.2","A"
"Tom Walker","1013536","0.6","0.5","1.4","B"
"John Wetteland","1013815","-0.1","0.1","1.3","B"
"Nick Willhite","1013967","0.2","-0.9","-0.1","A"
"Pat Hentgen","    145","-0.3","2.2","3.5","G"
"Aaron Small","   1477","-0.2","0","0.7","B"
"Doug Drabek","1003473","1.5","2.7","2.4","D"
"Pat Mahomes","    291","-0.2","-1","-0.6","A"
"Chuck Finley","    384","0.5","0.7","2.4","F"
"Bob Apodaca","1000279","0","0.6","0.8","B"
"Mark Clear","1002330","1.3","2.1","-0.5","C"
"Jack Fisher","1004090","0.5","0.1","1.5","B"
"Mickey Lolich","1007712","4.4","5.1","2.2","M"
"Frankie de la Cruz","   3920","0","-0.2","-0.1","A"
"Kevin Jepsen","   6475","0.2","1.1","1","C"
"John Curtis","1002905","0.5","3.3","2.2","I"
"Mike Hedlund","1005575","-0.7","2","0.3","C"
"John Snyder","1012253","0.8","0.1","1.3","B"
"Dave LaPoint","1007338","1.9","3","2.4","I"
"Randy Lerch","1007551","1.8","2.3","0.5","H"
"Jason Johnson","    147","-0.1","0.2","1","B"
"Mark Lowe","   7416","0.3","-0.1","0.1","A"
"Bill Caudill","1002088","1","-0.1","3.2","F"
"Steve Dunning","1003572","-0.3","-0.3","-0.2","A"
"Mike Harkey","1005363","2.1","0.1","0.2","E"
"Tim Hudson","    921","3.8","3.5","5.1","L"
"Bobby Ayala","1000384","-0.6","2.2","0.8","C"
"Terry Forster","1004236","0.8","1.3","0.9","C"
"Frank Kreutzer","1007163","0","-0.1","0.7","B"
"Mark Portugal","1010460","1.3","-0.7","-0.7","E"
"Cliff Lee","   1636","0.1","0.7","1.1","B"
"Kerry Wood","    304","1.4","3.9","3.6","G"
"Carlos Almanzar","    308","0","0.1","-0.1","A"
"Roy Oswalt","    571","4.2","6.2","2.6","K"
"Daniel Herrera","   4552","0","0.2","0.1","A"
"Mitch Atkins","   8369","0","-0.1","-0.4","A"
"Rick Behenna","1000782","0.2","-0.5","0","A"
"Pete Smith","1012191","2","0.8","0.2","E"
"Jimmy Gobble","   1791","-0.3","0.8","0.3","A"
"Jorge De La Rosa","   2047","0.1","0.3","-0.3","A"
"Mike Boddicker","1001111","0","0.2","3.8","F"
"Nolan Ryan","1011348","1.1","0.6","5.4","F"
"Rich Yett","1014342","0","-0.9","1.4","B"
"Jose Acevedo","    307","0.6","-0.5","0.6","B"
"Kris Wilson","    636","0.3","-0.4","-0.6","A"
"Urbano Lugo","1007823","0","-0.3","-0.1","A"
"Jerry Stephenson","1012494","0.3","0.5","-0.1","A"
"Rick Helling","     58","-0.3","-0.1","0.4","A"
"Jimmy Anderson","    977","0.2","1.8","2.3","D"
"Brandon League","   3731","0.6","-0.1","0.1","A"
"Wes Littleton","   6236","0.2","-0.2","0.1","A"
"Neil Allen","1000154","0.7","0.6","0.9","B"
"Mike Caldwell","1001830","2.2","1.8","1.5","H"
"Bruce Kison","1006978","0.2","0.9","1.7","B"
"Sam McDowell","1008476","4.4","2.8","6.8","L"
"Ken Kravec","1007147","-0.1","0.4","3.4","F"
"Jim Merritt","1008789","4.6","4.4","2.6","M"
"Bret Saberhagen","1011355","5.2","5.5","7.5","O"
"Zane Smith","1012218","0.2","1.9","3.3","G"
"Brad Thompson","   4911","0.1","0.3","-0.9","A"
"Carlos Rosa","   8529","0.2","0","-0.1","A"
"Mike LaCoss","1007240","2","1.3","-0.1","H"
"Paul Siebert","1011950","-0.2","0.1","-0.4","A"
"Jair Jurrjens","   5556","3.4","0.9","0.9","H"
"Alan Foster","1004246","0.3","1.1","-0.4","C"
"Ron Robinson","1011076","1.3","1.7","2.5","D"
"Frank Rodriguez","1011106","2.2","1","1.3","H"
"Scott Sanderson","1011422","2.7","2.2","2.9","J"
"Sean Douglass","    133","-0.3","-0.2","-0.1","A"
"Kelvim Escobar","   1298","2.3","1.9","2.7","J"
"Rick VandenHurk","   5099","0.3","0.2","0.1","A"
"Mike Paul","1010082","0.5","1.4","0.6","C"
"Jose Santiago","    972","0","-0.1","0.7","B"
"Justin Germano","   1938","0.1","1","-0.1","C"
"Blaine Boyer","   2237","0.6","0","0.1","A"
"Sean Bergman","1000881","-0.1","0.3","1.1","B"
"Jack Morris","1009211","0.3","3.6","3.7","G"
"Buster Narum","1009455","0.5","0.2","-0.4","A"
"Dickie Noles","1009620","0.4","0.8","2.1","F"
"John O'Donoghue","1009732","0.1","0.6","1.8","B"
"Elias Sosa","1012284","0.8","-0.4","-0.1","A"
"Jeff Dedmon","1003132","0","0.3","-0.3","A"
"Pete Falcone","1003910","-0.4","-0.8","0.8","B"
"Al McBean","1008337","0.4","3.6","1.5","I"
"Roger Moret","1009168","1.1","2","1.6","D"
"Jose Nunez","1009659","0.9","-0.1","0.4","E"
"Mike Paxton","1010091","2.1","2.7","2.1","I"
"Jose Mercedes","    396","-0.3","-0.1","-0.5","A"
"Tomo Ohka","    788","0","1","1.2","B"
"Ricky Bones","1001161","-0.4","0.5","2.3","F"
"Bill Faul","1003957","-0.1","-0.2","1.2","B"
"Lynn McGlothen","1008534","-0.2","4.1","2","I"
"Bill Pleis","1010393","0","0.3","0.2","A"
"Bill Travers","1013161","1.3","0.3","0.7","E"
"Jose Mijares","   4140","0.2","0.6","0.3","A"
"Jonathan Sanchez","   7507","0.5","0.1","2.7","F"
"Jim Colborn","1002409","-0.2","1.7","0","C"
"Darren Oliver","    206","0.2","0.7","2.3","F"
"Darrell May","    613","0.1","-0.7","0.3","A"
"Andy Good","   1690","0.1","-0.2","0","A"
"Santiago Casilla","   2873","-0.3","0","0","A"
"Dave Beard","1000716","-0.8","-1.3","-0.2","A"
"Ray Culp","1002869","2.4","-0.5","0.4","E"
"Ken Ryan","1011345","-0.3","0.7","1.1","B"
"Scott Williamson","    361","2.1","2.7","-0.1","H"
"Jaret Wright","    415","1","0.6","0.2","E"
"Bronson Arroyo","    978","0.5","0.1","0.4","A"
"Joe Valentine","   1810","-0.1","-0.2","-0.4","A"
"Chris Perez","   5213","0.2","1.1","0.5","C"
"Scott Baker","   6176","0.9","0.6","2.7","F"
"Jeremy Accardo","   6428","0.2","0.7","1.2","B"
"Sammy Ellis","1003753","2.7","3.7","1.3","I"
"Tom Johnson","1006508","0.3","-0.4","1.2","B"
"Will McEnaney","1008482","1","0.3","0.6","E"
"Dick Pole","1010418","0.2","0.5","0.7","B"
"Gary Ross","1011230","0.2","-0.1","-0.5","A"
"Tony Saunders","1011463","1","3.2","0.1","I"
"Paul Thormodsgard","1013036","2.1","0.6","-0.1","E"
"Ricky Trlicek","1013188","0","0.5","-0.5","A"
"Dave Wehrmeister","1013731","0.2","-0.8","-0.2","A"
"Pedro Martinez","    200","3","5.1","8.5","N"
"Esteban Yan","   1236","0.2","-0.1","1.3","B"
"Kyle Davies","   3642","0.2","1.5","0.4","C"
"Horacio Ramirez","    110","1.4","0.3","0.4","E"
"Mike Wood","   1806","0.1","0.7","-0.7","A"
"Justin Masterson","   2038","0.2","1.7","2.7","D"
"Antonio Bastardo","   8844","0.1","0.3","1","B"
"Jim Hardin","1005344","2.1","2.8","0.5","H"
"Alan Mills","1008949","-0.5","0.2","0.7","B"
"Kevin Rogers","1011135","0.2","1.1","0","C"
"Jeff Wallace","1013550","0.1","-0.5","-0.1","A"
"B.J. Ryan","    168","0.6","-0.2","0.3","A"
"Jay Witasick","   1138","-0.3","-0.1","-0.4","A"
"Blaine Neal","   1468","0","0.5","0","A"
"Brad Halsey","   4760","0.3","2","0.1","C"
"Eddie Solomon","1012268","-0.1","-0.2","0","A"
"Bobby Thigpen","1012958","0.7","0.9","-1.1","A"
"Chris Bosio","1001212","-0.3","3.7","3","G"
"Dick Bosman","1001215","0.9","0.9","4.2","F"
"Duane Ward","1013609","0.1","1","2.7","F"
"Don Wilson","1014071","3.8","4.4","2.1","M"
"Bob Wolcott","1014184","0","-0.1","-0.1","A"
"Kirk Saarloos","   1516","0.5","0.6","-0.1","A"
"Boone Logan","   5525","0.2","-0.1","0.3","A"
"Bill Bonham","1001165","0.9","2.8","5.4","G"
"Mike Garman","1004539","0","0.8","-0.1","A"
"Jeff Jones","1006566","0.4","-0.9","-0.8","A"
"Steve Olin","1009768","0.5","1.5","0.9","C"
"Horacio Pina","1010354","0.6","-0.2","0.1","A"
"Tom Underwood","1013281","1","2","2.7","D"
"Frank Bertaina","1000912","0.8","-0.7","-0.5","A"
"Moose Haas","1005172","1.3","4","1.9","I"
"Jim Nash","1009458","3.7","0.8","2.9","J"
"Robinson Tejeda","   2575","1.3","0.5","-0.1","E"
"David Price","   3184","1.1","4.3","4.8","G"
"Luke Hochevar","   6943","0","1.3","0.9","C"
"Steve Busby","1001745","4.1","6.4","4.7","K"
"Buzz Capra","1001928","0","0.1","-0.3","A"
"Joe Coleman","1002428","2","7.1","3.9","K"
"John Denny","1003210","1.4","1.4","2.7","D"
"Adrian Devine","1003243","0","1.1","1.5","B"
"Gary Gentry","1004614","1.7","2.6","0.4","H"
"Renie Martin","1008194","0.7","-0.2","0.2","A"
"Silvio Martinez","1008196","2.6","0.4","0.8","E"
"Rich Nye","1009667","0.5","-0.3","0.3","A"
"Scott Radinsky","1010641","1.2","0.5","0.9","E"
"Ken Clay","1002328","-0.2","0.9","-0.5","A"
"Phil Hennigan","1005658","0.4","-0.2","-0.9","A"
"Ron Romanick","1011168","2.7","0.8","0.5","H"
"Robb Nen","   1123","-0.3","1","1","B"
"Edward Mujica","   3970","0","0.1","0.5","B"
"Kevin Slowey","   9918","0.2","2.7","1.4","D"
"Bobby Parnell","   9926","0.1","0.6","0.8","B"
"Brian Bohanon","1001126","-0.2","0.1","0.3","A"
"Sid Fernandez","1004001","4","1.9","3.3","J"
"Angel Miranda","1008990","1.6","-0.1","0.2","E"
"Omar Olivares","1009771","1.5","1.5","-0.1","C"
"Tyler Clippard","   5640","0","0.1","1.2","B"
"John Lannan","   7080","1.2","1.4","0.7","C"
"Len Barker","1000546","2.4","5.2","4.6","K"
"Steve Bedrosian","1000766","-0.2","2.6","1.4","D"
"Aaron Sele","     34","2.6","2.4","0.4","H"
"Brandon Morrow","   9346","0.5","0.3","3.2","F"
"Eric Nolte","1009621","0.7","-0.1","0","A"
"Frank Castillo","    180","2.4","0.9","0.4","H"
"Chris Carpenter","   1292","2.8","2.9","0.7","H"
"Ervin Santana","   3200","3","0.8","5.3","L"
"Omar Daal","    646","-0.2","0.6","0.2","A"
"Clay Buchholz","   3543","0.4","0.7","3.1","F"
"Darrell Jackson","1006294","1","1.9","0.5","C"
"Donnie Moore","1009102","0.9","0.7","0.1","E"
"Ron Reed","1010773","0","0.4","2.6","F"
"Jeff Russell","1011314","0.3","0","0.3","A"
"Tommy Toms","1013115","-0.1","0","0","A"
"Jim Umbarger","1013276","3","0.1","0.9","E"
"Albie Lopez","    102","0.2","0.1","0","A"
"Kip Wells","   1012","0.7","1.4","2.3","D"
"Luis Leal","1007431","0.2","2.1","3.4","G"
"Chris Nabholz","1009431","0.7","3","2.5","G"
"Jim O'Toole","1009897","3.5","5.6","4.6","K"
"Milt Wilcox","1013939","0.8","-0.5","-0.1","A"
"Jim York","1014351","1.2","-0.1","-0.1","E"
